0000001000000000
1111110100000000
0000001000000000
1111111100000000
0000001100000000
0000001000000000
0000000100000000
0000001000000000
0000010100000000
1111101100000000
0000001100000000
1111111100000000
0000010100000000
0000010100000000
0000000100000000
0000001100000000
0000001000000000
0000000100000000
1111111100000000
0000001000000000
0000000100000000
1111111000000000
0000001000000000
0000000100000000
0000001100000000
1111101100000000
0000010100000000
0000001100000000
0000010100000000
1111110100000000
0000001100000000
0000010100000000
0000010100000000
